00005	06	25	1851	4	1	1	NOT NAMED	1	1		
00035	07	05	1851	1	2	2	NOT NAMED	0	0		
00050	07	10	1851	1	3	3	NOT NAMED	0	0		
00065	08	16	1851	12	4	4	NOT NAMED	1	3		
00135	09	13	1851	4	5	5	NOT NAMED	0	0		
00165	10	16	1851	4	6	6	NOT NAMED	1	0	L	
00195	08	19	1852	12	1	7	NOT NAMED	1	3		
00265	09	05	1852	2	2	8	NOT NAMED	0	0		
00285	09	09	1852	5	3	9	NOT NAMED	1	1		
00320	09	22	1852	9	4	10	NOT NAMED	0	0		
00375	10	06	1852	6	5	11	NOT NAMED	1	2	L	
00415	08	05	1853	1	1	12	NOT NAMED	0	0		
00430	08	10	1853	1	2	13	NOT NAMED	0	0		
00445	08	30	1853	12	3	14	NOT NAMED	0	0		
00515	09	08	1853	3	4	15	NOT NAMED	0	0		
00540	09	21	1853	1	5	16	NOT NAMED	0	0		
00555	09	26	1853	6	6	17	NOT NAMED	0	0		
00595	09	28	1853	1	7	18	NOT NAMED	0	0		
00610	10	19	1853	4	8	19	NOT NAMED	0	1	L	
00640	06	25	1854	3	1	20	NOT NAMED	1	1		
00665	08	23	1854	1	2	21	NOT NAMED	0	0		
00680	09	07	1854	6	3	22	NOT NAMED	1	3		
00720	09	18	1854	3	4	23	NOT NAMED	1	2		
00745	10	20	1854	3	5	24	NOT NAMED	0	0	L	
00770	08	06	1855	1	1	25	NOT NAMED	0	0		
00785	08	10	1855	2	2	26	NOT NAMED	0	0		
00805	08	11	1855	1	3	27	NOT NAMED	0	0		
00820	08	24	1855	4	4	28	NOT NAMED	0	0		
00850	09	15	1855	3	5	29	NOT NAMED	1	3	L	
00875	08	09	1856	4	1	30	NOT NAMED	1	4		
00905	08	13	1856	2	2	31	NOT NAMED	0	0		
00925	08	19	1856	3	3	32	NOT NAMED	1	0		
00950	08	21	1856	1	4	33	NOT NAMED	0	0		
00965	08	25	1856	10	5	34	NOT NAMED	1	2		
01025	09	18	1856	5	6	35	NOT NAMED	0	0	L	
01060	06	30	1857	2	1	36	NOT NAMED	0	0		
01080	09	06	1857	13	2	37	NOT NAMED	1	2		
01155	09	22	1857	5	3	38	NOT NAMED	0	0		
01190	09	24	1857	7	4	39	NOT NAMED	1	0	L	
01235	06	12	1858	1	1	40	NOT NAMED	0	0		
01250	08	05	1858	1	2	41	NOT NAMED	0	0		
01265	09	14	1858	4	3	42	NOT NAMED	1	1		
01295	09	17	1858	8	4	43	NOT NAMED	0	0		
01345	09	22	1858	4	5	44	NOT NAMED	0	0		
01375	10	21	1858	6	6	45	NOT NAMED	0	0	L	
01415	07	01	1859	1	1	46	NOT NAMED	0	0		
01430	08	17	1859	3	2	47	NOT NAMED	0	0		
01455	09	02	1859	2	3	48	NOT NAMED	0	0		
01475	09	12	1859	2	4	49	NOT NAMED	0	0		
01495	09	15	1859	4	5	50	NOT NAMED	1	1		
01525	10	02	1859	5	6	51	NOT NAMED	0	0		
01560	10	16	1859	3	7	52	NOT NAMED	1	0		
01585	10	24	1859	6	8	53	NOT NAMED	1	1	L	
01625	08	08	1860	9	1	54	NOT NAMED	1	3		
01680	08	24	1860	3	2	55	NOT NAMED	0	0		
01705	09	11	1860	1	3	56	NOT NAMED	0	0		
01720	09	11	1860	6	4	57	NOT NAMED	1	2		
01760	09	18	1860	4	5	58	NOT NAMED	0	0		
01790	09	30	1860	4	6	59	NOT NAMED	1	2		
01820	10	20	1860	5	7	60	NOT NAMED	0	0	L	
01855	07	06	1861	7	1	61	NOT NAMED	0	0		
01900	08	13	1861	5	2	62	NOT NAMED	0	1		
01935	08	25	1861	6	3	63	NOT NAMED	0	0		
01975	09	17	1861	1	4	64	NOT NAMED	0	0		
01990	09	27	1861	2	5	65	NOT NAMED	1	1		
02010	10	06	1861	4	6	66	NOT NAMED	0	0		
02040	10	07	1861	1	7	67	NOT NAMED	1	0		
02055	11	01	1861	3	8	68	NOT NAMED	1	1	L	
02080	06	15	1862	3	1	69	NOT NAMED	0	0		
02105	08	18	1862	4	2	70	NOT NAMED	0	0		
02135	09	12	1862	9	3	71	NOT NAMED	0	0		
02190	10	06	1862	1	4	72	NOT NAMED	0	0		
02205	10	14	1862	4	5	73	NOT NAMED	0	0		
02235	11	22	1862	4	6	74	NOT NAMED	0	0	L	
02265	08	08	1863	2	1	75	NOT NAMED	0	0		
02285	08	18	1863	2	2	76	NOT NAMED	0	0		
02305	08	19	1863	5	3	77	NOT NAMED	0	0		
02340	08	27	1863	2	4	78	NOT NAMED	0	0		
02360	09	09	1863	8	5	79	NOT NAMED	0	0		
02410	09	16	1863	4	6	80	NOT NAMED	1	0		
02440	09	18	1863	2	7	81	NOT NAMED	0	0		
02460	09	26	1863	2	8	82	NOT NAMED	0	0		
02480	09	29	1863	3	9	83	NOT NAMED	1	0	L	
02505	07	16	1864	3	1	84	NOT NAMED	0	0		
02530	07	25	1864	1	2	85	NOT NAMED	0	0		
02545	08	26	1864	7	3	86	NOT NAMED	0	0		
02590	09	05	1864	4	4	87	NOT NAMED	0	0		
02620	10	22	1864	3	5	88	NOT NAMED	0	0	L	
02645	05	30	1865	1	1	89	NOT NAMED	0	0		
02660	06	30	1865	1	2	90	NOT NAMED	1	0		
02675	08	20	1865	5	3	91	NOT NAMED	0	0		
02710	09	06	1865	9	4	92	NOT NAMED	1	2		
02765	09	07	1865	1	5	93	NOT NAMED	1	0		
02780	09	28	1865	1	6	94	NOT NAMED	0	0		
02795	10	18	1865	8	7	95	NOT NAMED	1	2	L	
02845	07	11	1866	6	1	96	NOT NAMED	1	2		
02885	08	13	1866	6	2	97	NOT NAMED	0	0		
02925	09	04	1866	4	3	98	NOT NAMED	0	0		
02955	09	18	1866	1	4	99	NOT NAMED	0	0		
02970	09	22	1866	3	5	100	NOT NAMED	0	0		
02995	09	24	1866	12	6	101	NOT NAMED	0	0		
03065	10	29	1866	2	7	102	NOT NAMED	0	0		
03085	06	21	1867	3	1	103	NOT NAMED	1	1		
03110	07	28	1867	7	2	104	NOT NAMED	0	0		
03155	08	02	1867	1	3	105	NOT NAMED	0	0		
03170	08	31	1867	4	4	106	NOT NAMED	0	0		
03200	09	08	1867	1	5	107	NOT NAMED	0	0		
03215	09	29	1867	3	6	108	NOT NAMED	0	0		
03240	10	02	1867	8	7	109	NOT NAMED	1	2		
03290	10	09	1867	1	8	110	NOT NAMED	0	0		
03305	10	27	1867	5	9	111	NOT NAMED	0	0	L	
03340	09	03	1868	5	1	112	NOT NAMED	0	0		
03375	10	01	1868	7	2	113	NOT NAMED	1	0		
03420	10	05	1868	3	3	114	NOT NAMED	0	0		
03445	10	15	1868	3	4	115	NOT NAMED	0	0	L	
03470	08	12	1869	1	1	116	NOT NAMED	0	0		
03485	08	16	1869	2	2	117	NOT NAMED	1	2		
03505	08	27	1869	1	3	118	NOT NAMED	0	0		
03520	09	01	1869	2	4	119	NOT NAMED	0	0		
03540	09	04	1869	3	5	120	NOT NAMED	1	1		
03565	09	07	1869	3	6	121	NOT NAMED	1	3		
03590	09	11	1869	8	7	122	NOT NAMED	0	0		
03640	09	14	1869	1	8	123	NOT NAMED	0	0		
03655	10	01	1869	1	9	124	NOT NAMED	0	0		
03670	10	04	1869	2	10	125	NOT NAMED	1	2	L	
03690	07	30	1870	1	1	126	NOT NAMED	1	1		
03705	08	30	1870	6	2	127	NOT NAMED	0	0		
03745	09	01	1870	4	3	128	NOT NAMED	0	0		
03775	09	09	1870	5	4	129	NOT NAMED	0	0		
03810	09	17	1870	4	5	130	NOT NAMED	0	0		
03840	10	05	1870	10	6	131	NOT NAMED	0	1		
03900	10	07	1870	1	7	132	NOT NAMED	0	0		
03915	10	10	1870	2	8	133	NOT NAMED	0	0		
03935	10	19	1870	4	9	134	NOT NAMED	1	1		
03965	10	23	1870	1	10	135	NOT NAMED	0	0		
03980	10	30	1870	5	11	136	NOT NAMED	0	0	L	
04015	06	01	1871	5	1	137	NOT NAMED	1	0		
04050	06	08	1871	3	2	138	NOT NAMED	1	0		
04075	08	14	1871	10	3	139	NOT NAMED	1	3		
04135	08	17	1871	14	4	140	NOT NAMED	1	2		
04215	08	30	1871	4	5	141	NOT NAMED	0	0		
04245	09	05	1871	4	6	142	NOT NAMED	1	1		
04275	09	30	1871	8	7	143	NOT NAMED	1	0		
04325	10	10	1871	4	8	144	NOT NAMED	0	0	L	
04355	07	09	1872	5	1	145	NOT NAMED	1	0		
04390	08	20	1872	14	2	146	NOT NAMED	0	0		
04470	09	09	1872	12	3	147	NOT NAMED	0	0		
04540	09	30	1872	7	4	148	NOT NAMED	0	0		
04585	10	22	1872	7	5	149	NOT NAMED	1	0	L	
04630	06	01	1873	2	1	150	NOT NAMED	1	0		
04650	08	13	1873	16	2	151	NOT NAMED	0	0		
04740	09	18	1873	3	3	152	NOT NAMED	1	1		
04765	09	22	1873	3	4	153	NOT NAMED	1	0		
04790	09	26	1873	15	5	154	NOT NAMED	1	3	L	
04875	07	02	1874	4	1	155	NOT NAMED	1	0		
04905	08	03	1874	5	2	156	NOT NAMED	0	0		
04940	08	29	1874	11	3	157	NOT NAMED	0	0		
05005	09	02	1874	6	4	158	NOT NAMED	1	0		
05045	09	08	1874	4	5	159	NOT NAMED	0	0		
05075	09	25	1874	7	6	160	NOT NAMED	1	1		
05120	10	31	1874	5	7	161	NOT NAMED	0	0	L	
05155	08	16	1875	4	1	162	NOT NAMED	0	0		
05185	09	01	1875	10	2	163	NOT NAMED	0	0		
05245	09	08	1875	11	3	164	NOT NAMED	1	3		
05310	09	24	1875	5	4	165	NOT NAMED	1	0		
05345	10	07	1875	4	5	166	NOT NAMED	0	0		
05375	10	12	1875	5	6	167	NOT NAMED	0	0	L	
05410	09	09	1876	3	1	168	NOT NAMED	0	0		
05435	09	12	1876	8	2	169	NOT NAMED	1	1		
05485	09	16	1876	3	3	170	NOT NAMED	0	0		
05510	09	29	1876	7	4	171	NOT NAMED	0	0		
05555	10	12	1876	12	5	172	NOT NAMED	1	2	L	
05625	08	01	1877	5	1	173	NOT NAMED	0	0		
05660	09	14	1877	8	2	174	NOT NAMED	1	1		
05710	09	16	1877	7	3	175	NOT NAMED	0	0		
05755	09	21	1877	15	4	176	NOT NAMED	1	3		
05840	09	24	1877	6	5	177	NOT NAMED	0	0		
05880	10	13	1877	6	6	178	NOT NAMED	0	0		
05920	10	24	1877	5	7	179	NOT NAMED	1	0		
05955	11	28	1877	3	8	180	NOT NAMED	0	0	L	
05980	07	01	1878	3	1	181	NOT NAMED	1	0		
06005	08	08	1878	12	2	182	NOT NAMED	0	0		
06075	08	19	1878	3	3	183	NOT NAMED	0	0		
06100	08	25	1878	6	4	184	NOT NAMED	0	0		
06140	09	01	1878	13	5	185	NOT NAMED	1	2		
06215	09	12	1878	7	6	186	NOT NAMED	0	0		
06260	09	24	1878	15	7	187	NOT NAMED	0	0		
06345	10	09	1878	7	8	188	NOT NAMED	1	0		
06390	10	09	1878	8	9	189	NOT NAMED	0	0		
06440	10	13	1878	7	10	190	NOT NAMED	0	0		
06485	10	18	1878	8	11	191	NOT NAMED	1	2		
06535	11	25	1878	8	12	192	NOT NAMED	0	0	L	
06585	08	09	1879	4	1	193	NOT NAMED	0	0		
06615	08	13	1879	8	2	194	NOT NAMED	1	3		
06665	08	19	1879	6	3	195	NOT NAMED	1	2		
06705	08	29	1879	5	4	196	NOT NAMED	1	3		
06740	10	03	1879	5	5	197	NOT NAMED	1	0		
06775	10	09	1879	8	6	198	NOT NAMED	1	0		
06825	10	24	1879	6	7	199	NOT NAMED	1	0		
06865	11	18	1879	4	8	200	NOT NAMED	0	0	L	
06895	06	21	1880	5	1	201	NOT NAMED	1	0		
06930	08	04	1880	11	2	202	NOT NAMED	1	3		
06995	08	15	1880	6	3	203	NOT NAMED	0	0		
07035	08	24	1880	9	4	204	NOT NAMED	1	2		
07090	08	26	1880	10	5	205	NOT NAMED	0	0		
07150	09	06	1880	6	6	206	NOT NAMED	1	1		
07190	09	08	1880	3	7	207	NOT NAMED	0	0		
07215	09	27	1880	8	8	208	NOT NAMED	0	0		
07265	10	05	1880	6	9	209	NOT NAMED	1	1		
07305	10	10	1880	7	10	210	NOT NAMED	0	0		
07350	10	20	1880	5	11	211	NOT NAMED	0	0	L	
07385	08	01	1881	4	1	212	NOT NAMED	1	0		
07415	08	11	1881	4	2	213	NOT NAMED	1	0		
07445	08	11	1881	8	3	214	NOT NAMED	0	0		
07495	08	16	1881	6	4	215	NOT NAMED	0	0		
07535	08	21	1881	9	5	216	NOT NAMED	1	2		
07590	09	07	1881	5	6	217	NOT NAMED	1	2		
07625	09	18	1881	7	7	218	NOT NAMED	0	0	L	
07670	08	24	1882	2	1	219	NOT NAMED	0	0		
07690	09	02	1882	12	2	220	NOT NAMED	1	3		
07760	09	14	1882	3	3	221	NOT NAMED	1	0		
07785	09	21	1882	4	4	222	NOT NAMED	1	0		
07815	09	24	1882	5	5	223	NOT NAMED	0	0		
07850	10	05	1882	11	6	224	NOT NAMED	1	1	L	
07915	08	18	1883	11	1	225	NOT NAMED	0	0		
07980	08	24	1883	10	2	226	NOT NAMED	0	0		
08040	09	04	1883	10	3	227	NOT NAMED	1	2		
08100	10	22	1883	7	4	228	NOT NAMED	0	0	L	
08145	09	01	1884	6	1	229	NOT NAMED	0	0		
08185	09	03	1884	14	2	230	NOT NAMED	0	0		
08265	09	10	1884	11	3	231	NOT NAMED	1	0		
08330	10	07	1884	11	4	232	NOT NAMED	0	0	L	
08395	08	07	1885	9	1	233	NOT NAMED	0	0		
08450	08	21	1885	8	2	234	NOT NAMED	1	2		
08500	08	29	1885	3	3	235	NOT NAMED	1	0		
08525	09	17	1885	7	4	236	NOT NAMED	1	0		
08570	09	18	1885	4	5	237	NOT NAMED	0	0		
08600	09	24	1885	9	6	238	NOT NAMED	1	0		
08655	09	26	1885	4	7	239	NOT NAMED	0	0		
08685	10	10	1885	5	8	240	NOT NAMED	1	0	L	
08720	06	13	1886	3	1	241	NOT NAMED	1	2		
08745	06	17	1886	8	2	242	NOT NAMED	1	2		
08795	06	27	1886	6	3	243	NOT NAMED	1	2		
08835	07	14	1886	11	4	244	NOT NAMED	1	1		
08900	08	12	1886	10	5	245	NOT NAMED	1	4		
08960	08	15	1886	13	6	246	NOT NAMED	0	0		
09035	08	20	1886	6	7	247	NOT NAMED	0	0		
09075	09	16	1886	9	8	248	NOT NAMED	1	1		
09130	09	22	1886	9	9	249	NOT NAMED	0	0		
09185	10	08	1886	6	10	250	NOT NAMED	1	3		
09225	10	10	1886	6	11	251	NOT NAMED	0	0		
09265	10	21	1886	6	12	252	NOT NAMED	0	0	L	
09305	05	15	1887	6	1	253	NOT NAMED	0	0		
09345	05	17	1887	5	2	254	NOT NAMED	0	0		
09380	06	11	1887	4	3	255	NOT NAMED	1	0		
09410	07	20	1887	9	4	256	NOT NAMED	1	1		
09465	07	30	1887	10	5	257	NOT NAMED	0	0		
09525	08	14	1887	10	6	258	NOT NAMED	0	1		
09585	08	18	1887	10	7	259	NOT NAMED	0	0		
09645	09	01	1887	6	8	260	NOT NAMED	0	0		
09685	09	11	1887	12	9	261	NOT NAMED	1	2		
09755	09	14	1887	5	10	262	NOT NAMED	0	0		
09790	10	06	1887	4	11	263	NOT NAMED	0	0		
09820	10	08	1887	2	12	264	NOT NAMED	0	0		
09840	10	09	1887	14	13	265	NOT NAMED	1	1		
09920	10	10	1887	3	14	266	NOT NAMED	0	0		
09945	10	15	1887	5	15	267	NOT NAMED	0	0		
09980	10	29	1887	9	16	268	NOT NAMED	1	0		
10035	11	27	1887	8	17	269	NOT NAMED	0	0		
10085	12	04	1887	7	18	270	NOT NAMED	0	0		
10130	12	07	1887	6	19	271	NOT NAMED	0	0	L	
10170	06	16	1888	3	1	272	NOT NAMED	1	1		
10195	07	04	1888	3	2	273	NOT NAMED	1	0		
10220	08	14	1888	11	3	274	NOT NAMED	1	3		
10285	08	31	1888	9	4	275	NOT NAMED	0	0		
10340	09	06	1888	8	5	276	NOT NAMED	1	0		
10390	09	23	1888	5	6	277	NOT NAMED	1	0		
10425	10	08	1888	5	7	278	NOT NAMED	1	2		
10460	11	01	1888	8	8	279	NOT NAMED	0	0		
10510	11	17	1888	16	9	280	NOT NAMED	0	0	L	
10600	05	16	1889	7	1	281	NOT NAMED	0	0		
10645	06	15	1889	6	2	282	NOT NAMED	1	0		
10685	08	19	1889	10	3	283	NOT NAMED	0	0		
10745	09	01	1889	12	4	284	NOT NAMED	0	0		
10815	09	02	1889	10	5	285	NOT NAMED	0	0		
10875	09	12	1889	15	6	286	NOT NAMED	1	1		
10960	09	12	1889	8	7	287	NOT NAMED	0	0		
11010	09	29	1889	8	8	288	NOT NAMED	0	0		
11060	10	05	1889	7	9	289	NOT NAMED	1	0	L	
11105	05	27	1890	3	1	290	NOT NAMED	0	0		
11130	08	18	1890	11	2	291	NOT NAMED	1	0		
11195	08	26	1890	9	3	292	NOT NAMED	0	0		
11250	10	31	1890	2	4	293	NOT NAMED	0	0	L	
11270	07	03	1891	6	1	294	NOT NAMED	1	1		
11310	08	17	1891	13	2	295	NOT NAMED	0	0		
11385	08	18	1891	8	3	296	NOT NAMED	1	1		
11435	09	02	1891	9	4	297	NOT NAMED	0	0		
11490	09	16	1891	11	5	298	NOT NAMED	0	0		
11555	09	29	1891	10	6	299	NOT NAMED	0	0		
11615	10	04	1891	7	7	300	NOT NAMED	1	0		
11660	10	07	1891	10	8	301	NOT NAMED	0	0		
11720	10	12	1891	9	9	302	NOT NAMED	0	0		
11775	11	03	1891	4	10	303	NOT NAMED	0	0	L	
11805	06	09	1892	8	1	304	NOT NAMED	1	0		
11855	08	15	1892	10	2	305	NOT NAMED	0	0		
11915	09	03	1892	15	3	306	NOT NAMED	0	0		
12000	09	08	1892	10	4	307	NOT NAMED	1	0		
12060	09	12	1892	12	5	308	NOT NAMED	0	0		
12130	09	25	1892	3	6	309	NOT NAMED	0	0		
12155	10	05	1892	12	7	310	NOT NAMED	0	0		
12225	10	13	1892	8	8	311	NOT NAMED	0	0		
12275	10	21	1892	9	9	312	NOT NAMED	1	0	L	
12330	06	12	1893	9	1	313	NOT NAMED	1	0		
12385	07	04	1893	4	2	314	NOT NAMED	0	0		
12415	08	13	1893	13	3	315	NOT NAMED	0	0		
12490	08	15	1893	12	4	316	NOT NAMED	1	1		
12560	08	15	1893	5	5	317	NOT NAMED	0	0		
12595	08	15	1893	19	6	318	NOT NAMED	1	3		
12700	08	20	1893	10	7	319	NOT NAMED	0	0		
12760	09	04	1893	6	8	320	NOT NAMED	1	2		
12800	09	25	1893	21	9	321	NOT NAMED	1	3		
12915	09	27	1893	9	10	322	NOT NAMED	1	4		
12970	10	20	1893	4	11	323	NOT NAMED	1	0		
13000	11	05	1893	8	12	324	NOT NAMED	0	0	L	
13050	06	06	1894	4	1	325	NOT NAMED	0	0		
13080	08	05	1894	5	2	326	NOT NAMED	1	0		
13115	08	30	1894	11	3	327	NOT NAMED	0	0		
13180	09	18	1894	14	4	328	NOT NAMED	1	2		
13260	10	01	1894	12	5	329	NOT NAMED	1	3		
13330	10	11	1894	10	6	330	NOT NAMED	0	0		
13390	10	21	1894	11	7	331	NOT NAMED	0	0	L	
13455	08	14	1895	4	1	332	NOT NAMED	1	0		
13485	08	22	1895	9	2	333	NOT NAMED	0	1		
13540	09	28	1895	10	3	334	NOT NAMED	0	0		
13600	10	02	1895	6	4	335	NOT NAMED	1	0		
13640	10	12	1895	15	5	336	NOT NAMED	0	0		
13725	10	13	1895	5	6	337	NOT NAMED	1	0	L	
13760	07	04	1896	9	1	338	NOT NAMED	1	2		
13815	08	30	1896	13	2	339	NOT NAMED	1	1		
13890	09	18	1896	11	3	340	NOT NAMED	0	0		
13955	09	22	1896	9	4	341	NOT NAMED	1	3		
14010	10	07	1896	10	5	342	NOT NAMED	1	0		
14070	10	26	1896	15	6	343	NOT NAMED	0	0		
14155	11	27	1896	3	7	344	NOT NAMED	0	0	L	
14180	08	31	1897	11	1	345	NOT NAMED	0	0		
14245	09	10	1897	4	2	346	NOT NAMED	1	1		
14275	09	20	1897	6	3	347	NOT NAMED	1	0		
14315	09	25	1897	5	4	348	NOT NAMED	0	0		
14350	10	09	1897	14	5	349	NOT NAMED	1	0		
14430	10	23	1897	9	6	350	NOT NAMED	1	0	L	
14485	08	02	1898	2	1	351	NOT NAMED	1	1		
14505	08	30	1898	3	2	352	NOT NAMED	1	1		
14530	09	03	1898	4	3	353	NOT NAMED	0	0		
14560	09	05	1898	16	4	354	NOT NAMED	0	0		
14650	09	12	1898	11	5	355	NOT NAMED	1	0		
14715	09	20	1898	9	6	356	NOT NAMED	1	0		
14770	09	25	1898	12	7	357	NOT NAMED	1	4		
14840	09	25	1898	4	8	358	NOT NAMED	0	0		
14870	10	02	1898	13	9	359	NOT NAMED	0	0		
14945	10	21	1898	3	10	360	NOT NAMED	0	0		
14970	10	27	1898	9	11	361	NOT NAMED	0	0	L	
15025	06	26	1899	2	1	362	NOT NAMED	1	0		
15045	07	28	1899	6	2	363	NOT NAMED	1	2		
15085	08	03	1899	33	3	364	NOT NAMED	1	3		
15260	08	29	1899	11	4	365	NOT NAMED	0	0		
15325	09	03	1899	13	5	366	NOT NAMED	0	0		
15400	10	02	1899	7	6	367	NOT NAMED	1	0		
15445	10	10	1899	5	7	368	NOT NAMED	0	0		
15480	10	15	1899	4	8	369	NOT NAMED	0	0		
15510	10	26	1899	10	9	370	NOT NAMED	1	2		
15570	11	07	1899	4	10	371	NOT NAMED	0	0	L	
15600	08	27	1900	20	1	372	NOT NAMED	1	4		
15710	09	07	1900	13	2	373	NOT NAMED	0	0		
15785	09	08	1900	16	3	374	NOT NAMED	0	0		
15875	09	11	1900	5	4	375	NOT NAMED	1	0		
15910	10	04	1900	11	5	376	NOT NAMED	0	0		
15975	10	10	1900	6	6	377	NOT NAMED	1	0		
16015	10	24	1900	6	7	378	NOT NAMED	0	0	L	
16055	06	11	1901	5	1	379	NOT NAMED	1	0		
16090	07	01	1901	10	2	380	NOT NAMED	1	0		
16150	07	04	1901	10	3	381	NOT NAMED	1	1		
16210	08	02	1901	17	4	382	NOT NAMED	1	1		
16305	08	18	1901	5	5	383	NOT NAMED	0	0		
16340	08	25	1901	6	6	384	NOT NAMED	0	0		
16380	08	29	1901	14	7	385	NOT NAMED	0	0		
16460	09	09	1901	11	8	386	NOT NAMED	1	0		
16525	09	12	1901	6	9	387	NOT NAMED	0	0		
16565	09	21	1901	12	10	388	NOT NAMED	1	0		
16635	10	05	1901	10	11	389	NOT NAMED	0	0		
16695	10	15	1901	4	12	390	NOT NAMED	0	0		
16725	10	30	1901	8	13	391	NOT NAMED	0	0	L	
16775	06	12	1902	6	1	392	NOT NAMED	1	0		
16815	06	21	1902	9	2	393	NOT NAMED	1	0		
16870	09	16	1902	10	3	394	NOT NAMED	0	0		
16930	10	03	1902	11	4	395	NOT NAMED	1	0		
16995	11	01	1902	6	5	396	NOT NAMED	0	0	L	
17035	07	21	1903	6	1	397	NOT NAMED	0	0		
17075	08	06	1903	11	2	398	NOT NAMED	0	0		
17140	09	09	1903	8	3	399	NOT NAMED	1	1		
17190	09	12	1903	6	4	400	NOT NAMED	1	1		
17230	09	19	1903	8	5	401	NOT NAMED	0	0		
17280	09	26	1903	5	6	402	NOT NAMED	0	0		
17315	10	01	1903	10	7	403	NOT NAMED	0	0		
17375	10	05	1903	6	8	404	NOT NAMED	0	0		
17415	10	21	1903	7	9	405	NOT NAMED	0	0		
17460	11	17	1903	9	10	406	NOT NAMED	0	0	L	
17515	06	10	1904	5	1	407	NOT NAMED	0	0		
17550	09	08	1904	8	2	408	NOT NAMED	1	1		
17600	09	28	1904	7	3	409	NOT NAMED	0	0		
17645	10	12	1904	10	4	410	NOT NAMED	1	1		
17705	10	19	1904	7	5	411	NOT NAMED	0	0		
17750	10	31	1904	7	6	412	NOT NAMED	1	0	L	
17795	09	06	1905	3	1	413	NOT NAMED	0	0		
17820	09	11	1905	6	2	414	NOT NAMED	0	0		
17860	09	24	1905	7	3	415	NOT NAMED	1	0		
17905	10	01	1905	13	4	416	NOT NAMED	0	0		
17980	10	05	1905	7	5	417	NOT NAMED	1	0	L	
18025	06	08	1906	7	1	418	NOT NAMED	1	0		
18070	06	14	1906	10	2	419	NOT NAMED	1	1		
18130	08	22	1906	4	3	420	NOT NAMED	0	0		
18160	08	25	1906	19	4	421	NOT NAMED	0	0		
18265	09	03	1906	16	5	422	NOT NAMED	1	1		
18355	09	19	1906	12	6	423	NOT NAMED	1	2		
18425	09	22	1906	11	7	424	NOT NAMED	0	0		
18490	10	08	1906	16	8	425	NOT NAMED	1	3		
18580	10	14	1906	4	9	426	NOT NAMED	0	0		
18610	10	15	1906	6	10	427	NOT NAMED	0	0		
18650	11	05	1906	6	11	428	NOT NAMED	0	0	L	
18690	06	24	1907	7	1	429	NOT NAMED	1	0		
18735	09	18	1907	6	2	430	NOT NAMED	1	0		
18775	09	27	1907	4	3	431	NOT NAMED	1	0		
18805	10	17	1907	4	4	432	NOT NAMED	0	0		
18835	11	06	1907	7	5	433	NOT NAMED	0	0	L	
18880	03	06	1908	4	1	434	NOT NAMED	0	0		
18910	05	24	1908	8	2	435	NOT NAMED	1	0		
18960	07	24	1908	11	3	436	NOT NAMED	1	1		
19025	07	29	1908	6	4	437	NOT NAMED	1	0		
19065	08	30	1908	4	5	438	NOT NAMED	1	0		
19095	09	07	1908	13	6	439	NOT NAMED	0	0		
19170	09	16	1908	3	7	440	NOT NAMED	0	0		
19195	09	21	1908	17	8	441	NOT NAMED	0	0		
19290	10	14	1908	6	9	442	NOT NAMED	0	0		
19330	10	19	1908	5	10	443	NOT NAMED	0	0	L	
19365	06	15	1909	5	1	444	NOT NAMED	0	0		
19400	06	25	1909	6	2	445	NOT NAMED	1	2		
19440	06	26	1909	9	3	446	NOT NAMED	1	0		
19495	07	13	1909	10	4	447	NOT NAMED	1	3		
19555	08	06	1909	5	5	448	NOT NAMED	0	0		
19590	08	20	1909	9	6	449	NOT NAMED	1	1		
19645	08	22	1909	4	7	450	NOT NAMED	0	0		
19675	08	28	1909	4	8	451	NOT NAMED	1	0		
19705	09	13	1909	10	9	452	NOT NAMED	1	3		
19765	09	24	1909	6	10	453	NOT NAMED	0	0		
19805	10	06	1909	8	11	454	NOT NAMED	1	3		
19855	11	08	1909	7	12	455	NOT NAMED	0	0	L	
19900	08	23	1910	7	1	456	NOT NAMED	0	0		
19945	08	26	1910	6	2	457	NOT NAMED	0	0		
19985	09	05	1910	11	3	458	NOT NAMED	1	2		
20050	09	24	1910	6	4	459	NOT NAMED	0	0		
20090	10	09	1910	15	5	460	NOT NAMED	1	2	L	
20175	08	04	1911	9	1	461	NOT NAMED	0	0		
20230	08	08	1911	7	2	462	NOT NAMED	1	1		
20275	08	23	1911	9	3	463	NOT NAMED	1	2		
20330	09	03	1911	10	4	464	NOT NAMED	0	0		
20390	09	15	1911	6	5	465	NOT NAMED	0	0		
20430	10	26	1911	7	6	466	NOT NAMED	0	0	L	
20475	06	07	1912	11	1	467	NOT NAMED	1	0		
20540	07	12	1912	6	2	468	NOT NAMED	1	0		
20580	09	02	1912	5	3	469	NOT NAMED	0	0		
20615	09	10	1912	6	4	470	NOT NAMED	1	1		
20655	10	03	1912	8	5	471	NOT NAMED	0	0		
20705	10	11	1912	8	6	472	NOT NAMED	1	2		
20755	11	11	1912	11	7	473	NOT NAMED	0	0	L	
20820	06	21	1913	9	1	474	NOT NAMED	1	1		
20875	08	14	1913	3	2	475	NOT NAMED	0	0		
20900	08	26	1913	18	3	476	NOT NAMED	0	0		
21000	08	30	1913	6	4	477	NOT NAMED	1	1		
21040	10	02	1913	10	5	478	NOT NAMED	1	1		
21100	10	28	1913	3	6	479	NOT NAMED	0	0	L	
21125	09	15	1914	5	1	480	NOT NAMED	1	0	L	
21160	07	31	1915	6	1	481	NOT NAMED	1	1		
21200	08	05	1915	19	2	482	NOT NAMED	1	4		
21305	08	27	1915	16	3	483	NOT NAMED	0	0		
21395	08	31	1915	7	4	484	NOT NAMED	1	1		
21440	09	19	1915	5	5	485	NOT NAMED	0	0		
21475	09	21	1915	11	6	486	NOT NAMED	1	3	L	
21540	05	13	1916	6	1	487	NOT NAMED	1	0		
21580	06	28	1916	13	2	488	NOT NAMED	1	3		
21655	07	10	1916	13	3	489	NOT NAMED	1	0		
21730	07	11	1916	5	4	490	NOT NAMED	1	2		
21765	08	04	1916	3	5	491	NOT NAMED	0	0		
21790	08	12	1916	9	6	492	NOT NAMED	1	4		
21845	08	21	1916	6	7	493	NOT NAMED	1	0		
21885	08	27	1916	7	8	494	NOT NAMED	0	0		
21930	09	04	1916	4	9	495	NOT NAMED	1	0		
21960	09	13	1916	10	10	496	NOT NAMED	0	0		
22020	09	17	1916	9	11	497	NOT NAMED	0	0		
22075	10	02	1916	4	12	498	NOT NAMED	1	0		
22105	10	06	1916	10	13	499	NOT NAMED	0	0		
22165	10	09	1916	11	14	500	NOT NAMED	1	2		
22230	11	11	1916	6	15	501	NOT NAMED	0	0	L	
22270	07	06	1917	9	1	502	NOT NAMED	0	0		
22325	08	06	1917	6	2	503	NOT NAMED	0	0		
22365	08	30	1917	9	3	504	NOT NAMED	0	0		
22420	09	20	1917	11	4	505	NOT NAMED	1	3	L	
22485	08	01	1918	7	1	506	NOT NAMED	1	3		
22530	08	22	1918	5	2	507	NOT NAMED	0	0		
22565	08	23	1918	4	3	508	NOT NAMED	1	1		
22595	08	31	1918	7	4	509	NOT NAMED	0	0		
22640	09	02	1918	7	5	510	NOT NAMED	0	0		
22685	09	09	1918	6	6	511	NOT NAMED	0	0	L	
22725	07	02	1919	4	1	512	NOT NAMED	1	0		
22755	09	02	1919	15	2	513	NOT NAMED	1	4		
22840	09	02	1919	4	3	514	NOT NAMED	0	0		
22870	09	29	1919	4	4	515	NOT NAMED	1	0		
22900	11	10	1919	6	5	516	NOT NAMED	0	0	L	
22940	09	07	1920	10	1	517	NOT NAMED	0	0		
23000	09	16	1920	8	2	518	NOT NAMED	1	2		
23050	09	19	1920	6	3	519	NOT NAMED	1	0		
23090	09	23	1920	5	4	520	NOT NAMED	0	0		
23125	09	25	1920	6	5	521	NOT NAMED	1	0	L	
23165	06	16	1921	11	1	522	NOT NAMED	1	1		
23230	09	04	1921	5	2	523	NOT NAMED	0	0		
23265	09	06	1921	12	3	524	NOT NAMED	0	0		
23335	09	08	1921	7	4	525	NOT NAMED	0	0		
23380	10	15	1921	10	5	526	NOT NAMED	0	0		
23440	10	20	1921	11	6	527	NOT NAMED	1	3		
23505	11	19	1921	7	7	528	NOT NAMED	0	0	L	
23550	06	12	1922	5	1	529	NOT NAMED	0	0		
23585	09	13	1922	16	2	530	NOT NAMED	0	0		
23675	09	18	1922	8	3	531	NOT NAMED	0	0		
23725	10	11	1922	12	4	532	NOT NAMED	0	0		
23795	10	12	1922	6	5	533	NOT NAMED	0	0	L	
23835	06	22	1923	8	1	534	NOT NAMED	1	0		
23885	09	01	1923	10	2	535	NOT NAMED	0	0		
23945	09	07	1923	5	3	536	NOT NAMED	0	0		
23980	09	10	1923	6	4	537	NOT NAMED	0	0		
24020	09	24	1923	11	5	538	NOT NAMED	0	0		
24085	10	12	1923	6	6	539	NOT NAMED	1	1		
24125	10	15	1923	5	7	540	NOT NAMED	1	0		
24160	10	16	1923	6	8	541	NOT NAMED	1	0		
24200	10	24	1923	4	9	542	NOT NAMED	0	0	L	
24230	06	18	1924	4	1	543	NOT NAMED	0	0		
24260	07	28	1924	3	2	544	NOT NAMED	0	0		
24285	08	16	1924	13	3	545	NOT NAMED	0	1		
24360	08	26	1924	12	4	546	NOT NAMED	0	0		
24430	09	13	1924	7	5	547	NOT NAMED	1	1		
24475	09	20	1924	3	6	548	NOT NAMED	0	0		
24500	09	24	1924	12	7	549	NOT NAMED	0	0		
24570	09	27	1924	5	8	550	NOT NAMED	1	0		
24605	10	11	1924	5	9	551	NOT NAMED	0	0		
24640	10	14	1924	10	10	552	NOT NAMED	1	1		
24700	11	05	1924	10	11	553	NOT NAMED	0	0	L	
24760	08	18	1925	4	1	554	NOT NAMED	0	0		
24790	08	25	1925	4	2	555	NOT NAMED	0	0		
24820	09	06	1925	2	3	556	NOT NAMED	0	0		
24840	11	27	1925	9	4	557	NOT NAMED	1	0	L	
24895	07	22	1926	12	1	558	NOT NAMED	1	2		
24965	07	29	1926	11	2	559	NOT NAMED	0	0		
25030	08	20	1926	8	3	560	NOT NAMED	1	3		
25080	09	01	1926	24	4	561	NOT NAMED	0	0		
25210	09	10	1926	5	5	562	NOT NAMED	0	0		
25245	09	11	1926	7	6	563	NOT NAMED	0	0		
25290	09	11	1926	12	7	564	NOT NAMED	1	4		
25360	09	21	1926	11	8	565	NOT NAMED	0	0		
25425	10	03	1926	3	9	566	NOT NAMED	0	0		
25450	10	14	1926	15	10	567	NOT NAMED	0	1		
25535	11	12	1926	5	11	568	NOT NAMED	0	0	L	
25570	08	18	1927	12	1	569	NOT NAMED	0	0		
25640	09	02	1927	10	2	570	NOT NAMED	0	0		
25700	09	22	1927	8	3	571	NOT NAMED	0	0		
25750	09	23	1927	9	4	572	NOT NAMED	0	0		
25805	09	30	1927	5	5	573	NOT NAMED	1	0		
25840	10	16	1927	4	6	574	NOT NAMED	0	0		
25870	10	30	1927	6	7	575	NOT NAMED	0	0		
25910	11	19	1927	3	8	576	NOT NAMED	0	0	L	
25935	08	03	1928	11	1	577	NOT NAMED	1	2		
26000	08	07	1928	11	2	578	NOT NAMED	1	0		
26065	09	01	1928	8	3	579	NOT NAMED	0	0		
26115	09	06	1928	16	4	580	NOT NAMED	1	4		
26205	09	08	1928	6	5	581	NOT NAMED	0	0		
26245	10	10	1928	6	6	582	NOT NAMED	0	0	L	
26285	06	27	1929	4	1	583	NOT NAMED	1	1		
26315	09	19	1929	17	2	584	NOT NAMED	1	3		
26410	09	25	1929	5	3	585	NOT NAMED	0	0		
26445	10	15	1929	6	4	586	NOT NAMED	0	0		
26485	10	19	1929	5	5	587	NOT NAMED	0	0		
26520	08	21	1930	14	1	588	NOT NAMED	0	0		
26600	08	29	1930	20	2	589	NOT NAMED	1	0		
26710	10	18	1930	4	3	590	NOT NAMED	0	0	L	
26740	06	25	1931	4	1	591	NOT NAMED	1	0		
26770	07	11	1931	7	2	592	NOT NAMED	1	0		
26815	08	10	1931	9	3	593	NOT NAMED	0	0		
26870	08	16	1931	6	4	594	NOT NAMED	0	0		
26910	09	05	1931	8	5	595	NOT NAMED	0	0		
26960	09	08	1931	9	6	596	NOT NAMED	0	0		
27015	09	25	1931	3	7	597	NOT NAMED	0	0		
27040	10	18	1931	5	8	598	NOT NAMED	0	0		
27075	11	22	1931	4	9	599	NOT NAMED	0	0	L	
27105	05	05	1932	7	1	600	NOT NAMED	0	0		
27150	08	12	1932	4	2	601	NOT NAMED	1	4		
27180	08	26	1932	10	3	602	NOT NAMED	1	1		
27240	08	30	1932	15	4	603	NOT NAMED	0	0		
27325	09	09	1932	9	5	604	NOT NAMED	1	0		
27380	09	18	1932	4	6	605	NOT NAMED	1	0		
27410	09	25	1932	9	7	606	NOT NAMED	0	0		
27465	10	07	1932	12	8	607	NOT NAMED	1	0		
27535	10	08	1932	5	9	608	NOT NAMED	0	0		
27570	10	30	1932	16	10	609	NOT NAMED	0	0		
27660	11	03	1932	8	11	610	NOT NAMED	0	0	L	
27710	05	14	1933	6	1	611	NOT NAMED	0	0		
27750	06	27	1933	11	2	612	NOT NAMED	0	0		
27815	07	14	1933	7	3	613	NOT NAMED	0	0		
27860	07	21	1933	7	4	614	NOT NAMED	1	0		
27905	07	25	1933	12	5	615	NOT NAMED	1	2		
27975	08	12	1933	9	6	616	NOT NAMED	1	0		
28030	08	16	1933	6	7	617	NOT NAMED	0	0		
28070	08	17	1933	10	8	618	NOT NAMED	1	2		
28130	08	24	1933	8	9	619	NOT NAMED	0	0		
28180	08	26	1933	4	10	620	NOT NAMED	0	0		
28210	08	28	1933	9	11	621	NOT NAMED	1	3		
28265	08	31	1933	8	12	622	NOT NAMED	1	3		
28315	09	08	1933	14	13	623	NOT NAMED	1	3		
28395	09	10	1933	6	14	624	NOT NAMED	0	0		
28435	09	16	1933	10	15	625	NOT NAMED	0	0		
28495	09	27	1933	4	16	626	NOT NAMED	0	0		
28525	09	28	1933	3	17	627	NOT NAMED	0	0		
28550	10	01	1933	9	18	628	NOT NAMED	0	0		
28605	10	25	1933	14	19	629	NOT NAMED	0	0		
28685	10	26	1933	5	20	630	NOT NAMED	0	0		
28720	11	15	1933	3	21	631	NOT NAMED	0	0	L	
28745	05	27	1934	5	1	632	NOT NAMED	1	0		
28780	06	04	1934	18	2	633	NOT NAMED	1	3		
28880	07	21	1934	6	3	634	NOT NAMED	1	2		
28920	08	20	1934	4	4	635	NOT NAMED	0	0		
28950	08	26	1934	7	5	636	NOT NAMED	0	0		
28995	09	05	1934	5	6	637	NOT NAMED	1	0		
29030	09	16	1934	7	7	638	NOT NAMED	0	0		
29075	10	01	1934	3	8	639	NOT NAMED	0	0		
29100	10	01	1934	6	9	640	NOT NAMED	1	0		
29140	10	19	1934	5	10	641	NOT NAMED	0	0		
29175	11	20	1934	9	11	642	NOT NAMED	0	0	L	
29230	08	18	1935	9	1	643	NOT NAMED	0	0		
29285	08	29	1935	13	2	644	NOT NAMED	1	5		
29360	08	30	1935	3	3	645	NOT NAMED	0	0		
29385	09	23	1935	10	4	646	NOT NAMED	0	0		
29445	10	19	1935	9	5	647	NOT NAMED	0	0		
29500	10	30	1935	10	6	648	NOT NAMED	1	2	L	
29560	06	12	1936	6	1	649	NOT NAMED	1	0		
29600	06	19	1936	4	2	650	NOT NAMED	0	0		
29630	06	26	1936	3	3	651	NOT NAMED	1	1		
29655	07	26	1936	2	4	652	NOT NAMED	1	0		
29675	07	27	1936	6	5	653	NOT NAMED	1	3		
29715	08	04	1936	7	6	654	NOT NAMED	0	0		
29760	08	07	1936	6	7	655	NOT NAMED	0	0		
29800	08	15	1936	5	8	656	NOT NAMED	0	0		
29835	08	20	1936	4	9	657	NOT NAMED	1	0		
29865	08	28	1936	3	10	658	NOT NAMED	0	0		
29890	08	28	1936	10	11	659	NOT NAMED	0	0		
29950	09	07	1936	2	12	660	NOT NAMED	0	0		
29970	09	08	1936	18	13	661	NOT NAMED	1	2		
30070	09	10	1936	5	14	662	NOT NAMED	1	0		
30105	09	19	1936	7	15	663	NOT NAMED	0	0		
30150	10	09	1936	3	16	664	NOT NAMED	0	0	L	
30175	07	29	1937	5	1	665	NOT NAMED	1	0		
30210	08	02	1937	7	2	666	NOT NAMED	0	0		
30255	08	24	1937	10	3	667	NOT NAMED	1	0		
30315	09	09	1937	6	4	668	NOT NAMED	0	0		
30355	09	13	1937	7	5	669	NOT NAMED	0	0		
30400	09	16	1937	6	6	670	NOT NAMED	1	0		
30440	09	20	1937	9	7	671	NOT NAMED	0	0		
30495	09	26	1937	6	8	672	NOT NAMED	0	0		
30535	09	29	1937	6	9	673	NOT NAMED	1	0	L	
30575	08	08	1938	2	1	674	NOT NAMED	0	0		
30595	08	10	1938	6	2	675	NOT NAMED	1	1		
30635	08	23	1938	6	3	676	NOT NAMED	0	0		
30675	09	10	1938	13	4	677	NOT NAMED	1	3		
30750	10	11	1938	7	5	678	NOT NAMED	1	0		
30795	10	17	1938	4	6	679	NOT NAMED	0	0		
30825	10	23	1938	3	7	680	NOT NAMED	1	0		
30850	11	06	1938	5	8	681	NOT NAMED	0	0	L	
30885	06	12	1939	6	1	682	NOT NAMED	1	0		
30925	08	07	1939	14	2	683	NOT NAMED	1	1		
31005	09	23	1939	4	3	684	NOT NAMED	1	0		
31035	10	12	1939	7	4	685	NOT NAMED	0	0		
31080	10	29	1939	9	5	686	NOT NAMED	0	0	L	
31135	05	19	1940	9	1	687	NOT NAMED	0	0		
31190	08	02	1940	10	2	688	NOT NAMED	1	2		
31250	08	05	1940	11	3	689	NOT NAMED	1	2		
31315	08	30	1940	5	4	690	NOT NAMED	1	0		
31350	09	10	1940	10	5	691	NOT NAMED	0	0		
31410	09	19	1940	7	6	692	NOT NAMED	1	0		
31455	10	20	1940	4	7	693	NOT NAMED	0	0		
31485	10	24	1940	3	8	694	NOT NAMED	0	0	L	
31510	09	11	1941	6	1	695	NOT NAMED	1	0		
31550	09	16	1941	10	2	696	NOT NAMED	1	3		
31610	09	18	1941	8	3	697	NOT NAMED	0	0		
31660	09	23	1941	8	4	698	NOT NAMED	0	0		
31710	10	03	1941	12	5	699	NOT NAMED	1	2		
31780	10	15	1941	8	6	700	NOT NAMED	1	0	L	
31830	08	17	1942	7	1	701	NOT NAMED	1	1		
31875	08	21	1942	11	2	702	NOT NAMED	1	3		
31940	08	25	1942	9	3	703	NOT NAMED	0	0		
31995	09	15	1942	8	4	704	NOT NAMED	0	0		
32045	09	18	1942	8	5	705	NOT NAMED	0	0		
32095	09	27	1942	4	6	706	NOT NAMED	0	0		
32125	10	01	1942	5	7	707	NOT NAMED	0	0		
32160	10	10	1942	3	8	708	NOT NAMED	1	0		
32185	10	13	1942	6	9	709	NOT NAMED	0	0		
32225	11	05	1942	7	10	710	NOT NAMED	0	0	L	
32270	07	25	1943	5	1	711	NOT NAMED	1	2		
32305	08	13	1943	7	2	712	NOT NAMED	0	0		
32350	08	19	1943	9	3	713	NOT NAMED	0	0		
32405	09	01	1943	10	4	714	NOT NAMED	0	0		
32465	09	13	1943	5	5	715	NOT NAMED	0	0		
32500	09	15	1943	6	6	716	NOT NAMED	1	0		
32540	09	28	1943	4	7	717	NOT NAMED	1	0		
32570	10	01	1943	4	8	718	NOT NAMED	0	0		
32600	10	11	1943	8	9	719	NOT NAMED	1	0		
32650	10	20	1943	4	10	720	NOT NAMED	0	0	L	
32680	07	13	1944	8	1	721	NOT NAMED	0	0		
32730	07	24	1944	5	2	722	NOT NAMED	0	0		
32765	07	30	1944	6	3	723	NOT NAMED	1	1		
32805	08	16	1944	9	4	724	NOT NAMED	0	0		
32860	08	19	1944	5	5	725	NOT NAMED	0	0		
32895	09	09	1944	3	6	726	NOT NAMED	1	0		
32920	09	09	1944	8	7	727	NOT NAMED	1	3		
32970	09	19	1944	4	8	728	NOT NAMED	0	0		
33000	09	21	1944	8	9	729	NOT NAMED	0	0		
33050	10	01	1944	3	10	730	NOT NAMED	0	0		
33075	10	12	1944	12	11	731	NOT NAMED	1	3	L	
33145	06	20	1945	12	1	732	NOT NAMED	1	1		
33215	07	19	1945	4	2	733	NOT NAMED	0	0		
33245	08	01	1945	4	3	734	NOT NAMED	0	0		
33275	08	17	1945	5	4	735	NOT NAMED	0	0		
33310	08	24	1945	6	5	736	NOT NAMED	1	2		
33350	08	29	1945	4	6	737	NOT NAMED	0	0		
33380	09	03	1945	4	7	738	NOT NAMED	1	0		
33410	09	10	1945	3	8	739	NOT NAMED	0	0		
33435	09	12	1945	9	9	740	NOT NAMED	1	3		
33490	10	02	1945	4	10	741	NOT NAMED	0	0		
33520	10	10	1945	7	11	742	NOT NAMED	0	0	L	
33565	06	13	1946	4	1	743	NOT NAMED	1	0		
33595	07	05	1946	6	2	744	NOT NAMED	1	0		
33635	08	25	1946	2	3	745	NOT NAMED	0	0		
33655	09	12	1946	6	4	746	NOT NAMED	0	0		
33695	10	05	1946	10	5	747	NOT NAMED	1	1		
33755	10	31	1946	4	6	748	NOT NAMED	1	0	L	
33785	07	31	1947	3	1	749	NOT NAMED	1	0		
33810	08	09	1947	8	2	750	NOT NAMED	0	0		
33860	08	18	1947	10	3	751	NOT NAMED	1	1		
33920	09	04	1947	18	4	752	NOT NAMED	1	4		
34020	09	07	1947	2	5	753	NOT NAMED	1	0		
34040	09	20	1947	6	6	754	NOT NAMED	1	0		
34080	10	06	1947	3	7	755	NOT NAMED	1	0		
34105	10	09	1947	8	8	756	NOT NAMED	1	2		
34155	10	16	1947	7	9	757	NOT NAMED	0	0	L	
34200	05	22	1948	7	1	758	NOT NAMED	0	0		
34245	07	07	1948	5	2	759	NOT NAMED	1	0		
34280	08	26	1948	10	3	760	NOT NAMED	0	0		
34340	08	31	1948	2	4	761	NOT NAMED	0	0		
34360	09	01	1948	7	5	762	NOT NAMED	1	1		
34405	09	04	1948	13	6	763	NOT NAMED	0	0		
34480	09	18	1948	8	7	764	NOT NAMED	1	3		
34530	10	03	1948	14	8	765	NOT NAMED	1	2		
34610	11	08	1948	4	9	766	NOT NAMED	0	0	L	
34640	08	21	1949	8	1	767	NOT NAMED	0	1		
34690	08	23	1949	9	2	768	NOT NAMED	1	3		
34745	08	30	1949	5	3	769	NOT NAMED	0	0		
34780	09	03	1949	9	4	770	NOT NAMED	0	0		
34835	09	03	1949	3	5	771	NOT NAMED	1	0		
34860	09	05	1949	7	6	772	NOT NAMED	0	0		
34905	09	13	1949	5	7	773	NOT NAMED	0	0		
34940	09	20	1949	7	8	774	NOT NAMED	0	0		
34985	09	21	1949	2	9	775	NOT NAMED	0	0		
35005	09	27	1949	10	10	776	NOT NAMED	1	2		
35065	10	12	1949	8	11	777	NOT NAMED	0	0		
35115	10	13	1949	5	12	778	NOT NAMED	0	0		
35150	11	03	1949	3	13	779	NOT NAMED	0	0	L	
35175	08	12	1950	11	1	780	ABLE	0	0		
35240	08	20	1950	13	2	781	BAKER	1	1		
35315	08	21	1950	16	3	782	CHARLIE	0	0		
35405	08	30	1950	19	4	783	DOG	0	0		
35510	09	01	1950	9	5	784	EASY	1	3		
35565	09	08	1950	10	6	785	FOX	0	0		
35625	09	27	1950	11	7	786	GEORGE	0	0		
35690	10	01	1950	4	8	787	HOW	0	0		
35720	10	08	1950	3	9	788	ITEM	0	0		
35745	10	11	1950	7	10	789	JIG	0	0		
35790	10	13	1950	7	11	790	KING	1	3		
35835	10	17	1950	8	12	791	NOT NAMED	0	0		
35885	10	18	1950	4	13	792	LOVE	1	0	L	
35915	05	15	1951	10	1	793	ABLE	0	0		
35975	08	02	1951	4	2	794	BAKER	0	0		
36005	08	12	1951	12	3	795	CHARLIE	0	0		
36075	08	27	1951	10	4	796	DOG	0	0		
36135	09	02	1951	12	5	797	EASY	0	0		
36205	09	02	1951	10	6	798	FOX	0	0		
36265	09	20	1951	2	7	799	GEORGE	0	0		
36285	09	28	1951	11	8	800	HOW	1	0		
36350	10	12	1951	6	9	801	ITEM	0	0		
36390	10	15	1951	6	10	802	JIG	0	0	L	
36430	02	02	1952	4	1	803	NOT NAMED	1	0		
36460	08	18	1952	16	2	804	ABLE	1	1		
36550	08	31	1952	10	3	805	BAKER	0	0		
36610	09	22	1952	10	4	806	CHARLIE	0	0		
36670	09	25	1952	5	5	807	DOG	0	0		
36705	10	06	1952	6	6	808	EASY	0	0		
36745	10	20	1952	9	7	809	FOX	0	0	L	
36800	05	25	1953	13	1	810	ALICE	1	0		
36875	08	11	1953	6	2	811	BARBARA	1	1		
36915	08	28	1953	7	3	812	NOT NAMED	1	0		
36960	08	28	1953	13	4	813	CAROL	1	1		
37035	09	08	1953	10	5	814	DOLLY	0	0		
37095	09	14	1953	7	6	815	EDNA	0	0		
37140	09	14	1953	8	7	816	NOT NAMED	1	0		
37190	09	23	1953	6	8	817	FLORENCE	1	1		
37230	10	02	1953	4	9	818	GAIL	0	0		
37260	10	03	1953	8	10	819	NOT NAMED	0	0		
37310	10	05	1953	5	11	820	NOT NAMED	0	0		
37345	10	07	1953	6	12	821	HAZEL	1	0		
37385	11	23	1953	4	13	822	NOT NAMED	0	0		
37415	12	07	1953	3	14	823	NOT NAMED	0	0	L	
37440	06	24	1954	3	1	824	ALICE	0	0		
37465	07	27	1954	4	2	825	BARBARA	1	0		
37495	08	25	1954	8	3	826	CAROL	1	3		
37545	08	31	1954	5	4	827	DOLLY	0	0		
37580	09	02	1954	14	5	828	EDNA	1	3		
37660	09	11	1954	2	6	829	FLORENCE	0	0		
37680	09	24	1954	4	7	830	GILDA	0	0		
37710	09	25	1954	13	8	831	NOT NAMED	0	0		
37785	10	05	1954	14	9	832	HAZEL	1	4		
37865	11	16	1954	6	10	833	NOT NAMED	0	0		
37905	12	30	1954	8	11	834	ALICE	0	0	L	
37955	07	31	1955	4	1	835	BRENDA	1	0		
37985	08	03	1955	13	2	836	CONNIE	1	3		
38060	08	07	1955	15	3	837	DIANE	1	1		
38145	08	21	1955	14	4	838	EDITH	0	0		
38225	08	23	1955	8	5	839	NOT NAMED	1	0		
38275	09	02	1955	8	6	840	FLORA	0	0		
38325	09	04	1955	3	7	841	GLADYS	0	0		
38350	09	10	1955	11	8	842	HILDA	0	0		
38415	09	10	1955	15	9	843	IONE	1	3		
38500	09	21	1955	10	10	844	JANET	0	0		
38560	10	10	1955	5	11	845	NOT NAMED	0	0		
38595	10	14	1955	7	12	846	KATIE	0	0	L	
38640	06	12	1956	4	1	847	NOT NAMED	1	0		
38670	07	25	1956	3	2	848	ANNA	0	0		
38695	08	09	1956	12	3	849	BETSY	0	0		
38765	09	05	1956	7	4	850	CARLA	0	0		
38810	09	10	1956	3	5	851	DORA	0	0		
38835	09	11	1956	4	6	852	ETHEL	0	0		
38865	09	21	1956	10	7	853	FLOSSY	1	2		
38925	10	30	1956	9	8	854	GRETA	0	0	L	
38980	06	08	1957	8	1	855	NOT NAMED	1	0		
39030	06	25	1957	5	2	856	AUDREY	1	4		
39065	08	08	1957	4	3	857	BERTHA	1	0		
39095	09	02	1957	23	4	858	CARRIE	0	0		
39220	09	07	1957	3	5	859	DEBBIE	1	0		
39245	09	16	1957	4	6	860	ESTHER	1	0		
39275	09	20	1957	8	7	861	FRIEDA	0	0		
39325	10	23	1957	5	8	862	NOT NAMED	0	0	L	
39360	06	14	1958	3	1	863	ALMA	0	0		
39385	08	08	1958	10	2	864	BECKY	0	0		
39445	08	11	1958	12	3	865	CLEO	0	0		
39515	08	24	1958	8	4	866	DAISY	0	0		
39565	08	30	1958	8	5	867	ELLA	1	0		
39615	09	04	1958	9	6	868	FIFI	0	0		
39670	09	13	1958	3	7	869	GERDA	0	0		
39695	09	21	1958	14	8	870	HELENE	0	3		
39775	09	24	1958	7	9	871	ILSA	0	0		
39820	10	05	1958	9	10	872	JANICE	0	0	L	
39875	05	28	1959	6	1	873	ARLENE	1	0		
39915	06	15	1959	4	2	874	BEULAH	0	0		
39945	06	18	1959	4	3	875	NOT NAMED	0	0		
39975	07	05	1959	8	4	876	CINDY	1	1		
40025	07	23	1959	6	5	877	DEBRA	1	1		
40065	08	17	1959	3	6	878	EDITH	0	0		
40090	09	09	1959	6	7	879	FLORA	0	0		
40130	09	20	1959	13	8	880	GRACIE	1	3		
40205	09	27	1959	12	9	881	HANNAH	0	0		
40275	10	06	1959	4	10	882	IRENE	1	0		
40305	10	17	1959	5	11	883	JUDITH	1	0	L	
40340	06	22	1960	8	1	884	NOT NAMED	1	0		
40390	07	10	1960	7	2	885	ABBY	0	0		
40435	07	28	1960	5	3	886	BRENDA	1	0		
40470	08	17	1960	5	4	887	CLEO	0	0		
40505	08	29	1960	17	5	888	DONNA	1	4		
40600	09	14	1960	4	6	889	ETHEL	1	1		
40630	09	17	1960	11	7	890	FLORENCE	0	0	L	
40695	07	20	1961	5	1	891	ANNA	0	0		
40730	09	02	1961	11	2	892	BETSY	0	0		
40795	09	03	1961	14	3	893	CARLA	1	4		
40875	09	06	1961	11	4	894	DEBBIE	0	0		
40940	09	10	1961	18	5	895	ESTHER	1	0		
41040	09	12	1961	4	6	896	NOT NAMED	1	0		
41070	09	30	1961	11	7	897	FRANCES	0	0		
41135	10	16	1961	7	8	898	GERDA	0	0		
41180	10	27	1961	6	9	899	HATTIE	0	0		
41220	11	01	1961	9	10	900	JENNY	0	0		
41275	11	05	1961	4	11	901	INGA	0	0	L	
41305	08	26	1962	8	1	902	ALMA	1	0		
41355	08	27	1962	6	2	903	BECKY	0	0		
41395	09	12	1962	10	3	904	CELIA	0	0		
41455	09	29	1962	11	4	905	DAISY	0	0		
41520	10	14	1962	10	5	906	ELLA	0	0	L	
41580	07	31	1963	12	1	907	ARLENE	0	0		
41650	08	20	1963	9	2	908	BEULAH	0	0		
41705	09	10	1963	6	3	909	NOT NAMED	0	0		
41745	09	16	1963	5	4	910	CINDY	1	1		
41780	09	19	1963	6	5	911	DEBRA	0	0		
41820	09	23	1963	7	6	912	EDITH	0	0		
41865	09	26	1963	18	7	913	FLORA	0	0		
41965	10	16	1963	15	8	914	GINNY	0	0		
42050	10	25	1963	5	9	915	HELENA	0	0	L	
42085	06	02	1964	10	1	916	NOT NAMED	0	0		
42145	07	28	1964	7	2	917	NOT NAMED	0	0		
42190	08	05	1964	4	3	918	ABBY	1	0		
42220	08	07	1964	4	4	919	BRENDA	0	0		
42250	08	20	1964	17	5	920	CLEO	1	2		
42345	08	28	1964	20	6	921	DORA	1	2		
42455	09	04	1964	13	7	922	ETHEL	0	0		
42530	09	05	1964	6	8	923	FLORENCE	0	0		
42570	09	13	1964	13	9	924	GLADYS	0	0		
42645	09	28	1964	8	10	925	HILDA	1	3		
42695	10	08	1964	10	11	926	ISBELL	1	2		
42755	11	05	1964	6	12	927	NOT NAMED	0	0	L	
42795	06	11	1965	8	1	928	NOT NAMED	1	0		
42845	08	21	1965	6	2	929	ANNA	0	0		
42885	08	27	1965	18	3	930	BETSY	1	3		
42985	09	16	1965	16	4	931	CAROL	0	0		
43075	09	24	1965	7	5	932	DEBBIE	0	0		
43120	10	12	1965	8	6	933	ELENA	0	0	L	
43170	06	04	1966	11	1	934	ALMA	1	2		
43235	07	01	1966	3	2	935	BECKY	0	0		
43260	07	13	1966	10	3	936	CELIA	0	0		
43320	07	22	1966	10	4	937	DOROTHY	0	0		
43380	07	22	1966	7	5	938	ELLA	0	0		
43425	08	21	1966	18	6	939	FAITH	0	0		
43525	09	01	1966	7	7	940	GRETA	0	0		
43570	09	20	1966	3	8	941	HALLIE	0	0		
43595	09	21	1966	21	9	942	INEZ	1	1		
43710	09	27	1966	4	10	943	JUDITH	0	0		
43740	11	04	1966	11	11	944	LOIS	0	0	L	
43805	08	28	1967	8	1	945	ARLENE	0	0		
43855	09	05	1967	18	2	946	BEULAH	1	3		
43955	09	05	1967	17	3	947	CHLOE	0	0		
44050	09	08	1967	14	4	948	DORIA	1	0		
44130	09	26	1967	6	5	949	EDITH	0	0		
44170	10	01	1967	4	6	950	FERN	0	0		
44200	10	05	1967	4	7	951	GINGER	0	0		
44230	10	19	1967	14	8	952	HEIDI	0	0	L	
44310	06	01	1968	13	1	953	ABBY	1	0		
44385	06	17	1968	10	2	954	BRENDA	0	0		
44445	06	22	1968	5	3	955	CANDY	1	0		
44480	08	10	1968	8	4	956	DOLLY	0	0		
44530	09	11	1968	9	5	957	EDNA	0	0		
44585	09	14	1968	10	6	958	SUBTROP 1	0	0		
44645	09	23	1968	8	7	959	FRANCES	0	0		
44695	10	13	1968	9	8	960	GLADYS	1	2	L	
44750	07	25	1969	12	1	961	ANNA	0	0		
44820	08	11	1969	3	2	962	BLANCHE	0	0		
44845	08	14	1969	9	3	963	CAMILLE	1	5		
44900	08	14	1969	12	4	964	DEBBIE	0	0		
44970	08	25	1969	3	5	965	EVE	0	0		
44995	08	29	1969	7	6	966	FRANCELIA	0	0		
45040	09	06	1969	5	7	967	GERDA	1	1		
45075	09	14	1969	8	8	968	HOLLY	0	0		
45125	09	20	1969	26	9	969	INGA	0	0		
45265	09	21	1969	6	10	970	NOT NAMED	0	0		
45305	09	24	1969	7	11	971	NOT NAMED	0	0		
45350	09	29	1969	3	12	972	SUBTROP 1	0	0		
45375	10	01	1969	6	13	973	JENNY	1	0		
45415	10	07	1969	13	14	974	KARA	0	0		
45490	10	17	1969	11	15	975	LAURIE	0	0		
45555	10	28	1969	4	16	976	NOT NAMED	0	0		
45585	10	30	1969	9	17	977	NOT NAMED	0	0		
45640	11	21	1969	5	18	978	MARTHA	0	0	L	
45675	05	17	1970	11	1	979	ALMA	0	0		
45740	07	19	1970	5	2	980	BECKY	1	0		
45775	07	31	1970	6	3	981	CELIA	1	3		
45815	08	15	1970	5	4	982	NOT NAMED	0	0		
45850	08	17	1970	7	5	983	DOROTHY	0	0		
45895	09	08	1970	6	6	984	ELLA	0	0		
45935	09	12	1970	6	7	985	FELICE	1	0		
45975	09	26	1970	10	8	986	GRETA	0	0		
46035	10	12	1970	7	9	987	NOT NAMED	0	0		
46080	10	20	1970	9	10	988	NOT NAMED	0	0	L	
46135	07	04	1971	5	1	989	ARLENE	0	0		
46170	08	03	1971	5	2	990	NOT NAMED	0	0		
46205	08	10	1971	8	3	991	BETH	0	0		
46255	08	18	1971	8	4	992	CHLOE	0	0		
46305	08	20	1971	10	5	993	DORIA	1	0		
46365	09	05	1971	14	6	994	EDITH	1	2		
46445	09	03	1971	11	7	995	FERN	1	1		
46510	09	06	1971	30	8	996	GINGER	1	1		
46670	09	11	1971	5	9	997	HEIDI	1	0		
46705	09	11	1971	10	10	998	IRENE	0	0		
46765	09	21	1971	4	11	999	JANICE	0	0		
46795	10	18	1971	4	12	1000	KRISTY	0	0		
46825	11	12	1971	11	13	1001	LAURA	0	0	L	
46890	05	23	1972	7	1	1002	ALPHA	1	0		
46935	06	14	1972	10	2	1003	AGNES	1	1		
46995	08	22	1972	11	3	1004	BETTY	0	0		
47060	08	29	1972	8	4	1005	CARRIE	1	0		
47110	09	05	1972	10	5	1006	DAWN	0	0		
47170	09	19	1972	4	6	1007	CHARLIE	0	0		
47200	11	01	1972	7	7	1008	DELTA	0	0	L	
47245	07	01	1973	7	1	1009	ALICE	0	0		
47290	07	30	1973	4	2	1010	ALFA	0	0		
47320	08	18	1973	5	3	1011	BRENDA	0	0		
47355	08	25	1973	11	4	1012	CHRISTINE	0	0		
47420	09	01	1973	7	5	1013	DELIA	1	0		
47465	09	14	1973	10	6	1014	ELLEN	0	0		
47525	10	08	1973	6	7	1015	FRAN	0	0		
47565	10	16	1973	15	8	1016	GILDA	0	0	L	
47650	06	24	1974	3	1	1017	SUBTROP 1	1	0		
47675	07	16	1974	5	2	1018	SUBTROP 2	0	0		
47710	08	10	1974	6	3	1019	SUBTROP 3	0	0		
47750	08	12	1974	4	4	1020	ALMA	0	0		
47780	08	26	1974	8	5	1021	BECKY	0	0		
47830	08	29	1974	13	6	1022	CARMEN	1	3		
47905	09	02	1974	4	7	1023	DOLLY	0	0		
47935	09	04	1974	11	8	1024	ELAINE	0	0		
48000	09	14	1974	9	9	1025	FIFI	0	0		
48055	09	27	1974	8	10	1026	GERTRUDE	0	0		
48105	10	04	1974	6	11	1027	SUBTROP 4	0	0	L	
48145	06	27	1975	8	1	1028	AMY	0	0		
48195	07	24	1975	5	2	1029	BLANCHE	0	0		
48230	08	24	1975	9	3	1030	CAROLINE	0	0		
48285	08	28	1975	8	4	1031	DORIS	0	0		
48335	09	13	1975	12	5	1032	ELOISE	1	3		
48405	09	18	1975	12	6	1033	FAYE	0	0		
48475	09	22	1975	13	7	1034	GLADYS	0	0		
48550	10	24	1975	5	8	1035	HALLIE	0	0		
48585	12	09	1975	5	9	1036	SUBTROP 2	0	0	L	
48620	05	21	1976	5	1	1037	SUBTROP 1	1	0		
48655	07	28	1976	10	2	1038	ANNA	0	0		
48715	08	06	1976	5	3	1039	BELLE	1	1		
48750	08	18	1976	7	4	1040	CANDICE	0	0		
48795	08	18	1976	4	5	1041	DOTTIE	1	0		
48825	08	20	1976	16	6	1042	EMMY	0	0		
48915	08	27	1976	12	7	1043	FRANCES	0	0		
48985	09	13	1976	5	8	1044	SUBTROP 3	1	0		
49020	09	26	1976	10	9	1045	GLORIA	0	0		
49080	10	22	1976	8	10	1046	HOLLY	0	0	L	
49130	08	29	1977	6	1	1047	ANITA	0	0		
49170	09	03	1977	7	2	1048	BABE	1	1		
49215	09	05	1977	8	3	1049	CLARA	0	0		
49265	09	26	1977	5	4	1050	DOROTHY	0	0		
49300	10	13	1977	4	5	1051	EVELYN	0	0		
49330	10	16	1977	4	6	1052	FRIEDA	0	0	L	
49360	01	18	1978	6	1	1053	SUBTROP 1	0	0		
49400	07	30	1978	3	2	1054	AMELIA	1	0		
49425	08	05	1978	4	3	1055	BESS	0	0		
49455	08	07	1978	6	4	1056	CORA	0	0		
49495	08	26	1978	4	5	1057	DEBRA	1	0		
49525	08	30	1978	7	6	1058	ELLA	0	0		
49570	09	04	1978	13	7	1059	FLOSSIE	0	0		
49645	09	13	1978	8	8	1060	GRETA	0	0		
49695	09	12	1978	10	9	1061	HOPE	0	0		
49755	10	02	1978	4	10	1062	IRMA	0	0		
49785	10	07	1978	5	11	1063	JULIET	0	0		
49820	10	28	1978	7	12	1064	KENDRA	0	0	L	
49865	06	19	1979	6	1	1065	ANA	0	0		
49905	07	09	1979	8	2	1066	BOB	1	1		
49955	07	15	1979	15	3	1067	CLAUDETTE	1	0		
50040	08	25	1979	15	4	1068	DAVID	1	2		
50125	08	30	1979	4	5	1069	ELENA	1	0		
50155	08	29	1979	18	6	1070	FREDERIC	1	3		
50255	09	04	1979	12	7	1071	GLORIA	0	0		
50325	09	15	1979	10	8	1072	HENRI	0	0		
50385	10	23	1979	3	9	1073	SUBTROP 1	0	0	L	
50410	07	31	1980	12	1	1074	ALLEN	1	3		
50480	08	14	1980	6	2	1075	BONNIE	0	0		
50520	08	20	1980	6	3	1076	CHARLEY	0	0		
50560	09	04	1980	4	4	1077	DANIELLE	1	0		
50590	09	04	1980	8	5	1078	EARL	0	0		
50640	09	06	1980	16	6	1079	FRANCES	0	0		
50730	09	01	1980	8	7	1080	GEORGES	0	0		
50780	09	20	1980	7	8	1081	HERMINE	0	0		
50825	10	01	1980	12	9	1082	IVAN	0	0		
50895	11	07	1980	10	10	1083	JEANNE	0	0		
50955	11	25	1980	4	11	1084	KARL	0	0	L	
50985	05	06	1981	4	1	1085	ARLENE	0	0		
51015	06	29	1981	3	2	1086	BRET	1	0		
51040	08	02	1981	4	3	1087	CINDY	0	0		
51070	08	07	1981	16	4	1088	DENNIS	1	0		
51160	08	31	1981	13	5	1089	EMILY	0	0		
51235	09	03	1981	10	6	1090	FLOYD	0	0		
51295	09	07	1981	9	7	1091	GERT	0	0		
51350	09	11	1981	10	8	1092	HARVEY	0	0		
51410	09	21	1981	13	9	1093	IRENE	0	0		
51485	10	29	1981	5	10	1094	JOSE	0	0		
51520	11	03	1981	5	11	1095	KATRINA	0	0		
51555	11	12	1981	6	12	1096	SUBTROP 3	0	0	L	
51595	06	02	1982	5	1	1097	ALBERTO	0	0		
51630	06	18	1982	3	2	1098	SUBTROP 1	1	0		
51655	08	28	1982	10	3	1099	BERYL	0	0		
51715	09	09	1982	4	4	1100	CHRIS	1	0		
51745	09	13	1982	8	5	1101	DEBBY	0	0		
51795	09	30	1982	4	6	1102	ERNESTO	0	0	L	
51825	08	15	1983	7	1	1103	ALICIA	1	3		
51870	08	23	1983	7	2	1104	BARRY	0	0		
51915	09	10	1983	6	3	1105	CHANTAL	0	0		
51955	09	26	1983	5	4	1106	DEAN	1	0	L	
51990	08	18	1984	4	1	1107	SUBTROP 1	0	0		
52020	08	28	1984	9	2	1108	ARTHUR	0	0		
52075	08	30	1984	6	3	1109	BERTHA	0	0		
52115	08	31	1984	3	4	1110	CESAR	0	0		
52140	09	08	1984	9	5	1111	DIANA	1	2		
52195	09	14	1984	2	6	1112	EDOUARD	0	0		
52215	09	15	1984	6	7	1113	FRAN	0	0		
52255	09	16	1984	4	8	1114	GUSTAV	0	0		
52285	09	23	1984	10	9	1115	HORTENSE	0	0		
52345	09	25	1984	7	10	1116	ISIDORE	1	0		
52390	10	07	1984	15	11	1117	JOSEPHINE	0	0		
52475	11	05	1984	9	12	1118	KLAUS	0	0		
52530	12	12	1984	13	13	1119	LILI	0	0	L	
52605	07	15	1985	5	1	1120	ANA	0	0		
52640	07	21	1985	6	2	1121	BOB	1	1		
52680	08	09	1985	9	3	1122	CLAUDETTE	0	0		
52735	08	12	1985	9	4	1123	DANNY	1	1		
52790	08	28	1985	8	5	1124	ELENA	1	3		
52840	09	15	1985	5	6	1125	FABIAN	0	0		
52875	09	16	1985	17	7	1126	GLORIA	1	3		
52970	09	21	1985	5	8	1127	HENRI	1	0		
53005	10	07	1985	9	9	1128	ISABEL	1	0		
53060	10	26	1985	7	10	1129	JUAN	1	1		
53105	11	15	1985	9	11	1130	KATE	1	2	L	
53160	06	05	1986	4	1	1131	ANDREW	0	0		
53190	06	23	1986	6	2	1132	BONNIE	1	1		
53230	08	13	1986	18	3	1133	CHARLEY	1	1		
53330	09	07	1986	4	4	1134	DANIELLE	0	0		
53360	09	10	1986	11	5	1135	EARL	0	0		
53425	11	18	1986	4	6	1136	FRANCES	0	0	L	
53455	08	09	1987	9	1	1137	NOT NAMED	1	0		
53510	08	08	1987	21	2	1138	ARLENE	0	0		
53625	08	18	1987	7	3	1139	BRET	0	0		
53670	09	05	1987	6	4	1140	CINDY	0	0		
53710	09	08	1987	13	5	1141	DENNIS	0	0		
53785	09	20	1987	7	6	1142	EMILY	0	0		
53830	10	09	1987	6	7	1143	FLOYD	1	1	L	
53870	08	05	1988	4	1	1144	ALBERTO	0	0		
53900	08	08	1988	3	2	1145	BERYL	1	0		
53925	08	21	1988	10	3	1146	CHRIS	1	0		
53985	08	31	1988	9	4	1147	DEBBY	0	0		
54040	09	03	1988	3	5	1148	ERNESTO	0	0		
54065	09	07	1988	4	6	1149	NOT NAMED	0	0		
54095	09	07	1988	5	7	1150	FLORENCE	1	1		
54130	09	08	1988	13	8	1151	GILBERT	0	0		
54205	09	19	1988	12	9	1152	HELENE	0	0		
54275	09	28	1988	4	10	1153	ISAAC	0	0		
54305	10	10	1988	14	11	1154	JOAN	0	0		
54385	11	17	1988	10	12	1155	KEITH	1	0	L	
54445	06	24	1989	8	1	1156	ALLISON	1	0		
54495	07	09	1989	6	2	1157	BARRY	0	0		
54535	07	30	1989	5	3	1158	CHANTAL	1	1		
54570	07	31	1989	10	4	1159	DEAN	0	0		
54630	08	18	1989	10	5	1160	ERIN	0	0		
54690	08	26	1989	16	6	1161	FELIX	0	0		
54780	08	30	1989	15	7	1162	GABRIELLE	0	0		
54865	09	10	1989	16	8	1163	HUGO	1	4		
54955	09	16	1989	6	9	1164	IRIS	0	0		
54995	10	12	1989	5	10	1165	JERRY	1	1		
55030	11	28	1989	7	11	1166	KAREN	0	0	L	
55075	07	22	1990	6	1	1167	ARTHUR	0	0		
55115	07	24	1990	10	2	1168	BERTHA	0	0		
55175	07	31	1990	8	3	1169	CESAR	0	0		
55225	08	04	1990	6	4	1170	DIANA	0	0		
55265	08	02	1990	12	5	1171	EDOUARD	0	0		
55335	08	11	1990	4	6	1172	FRAN	0	0		
55365	08	24	1990	11	7	1173	GUSTAV	0	0		
55430	08	25	1990	7	8	1174	HORTENSE	0	0		
55475	09	04	1990	14	9	1175	ISIDORE	0	0		
55555	09	21	1990	16	10	1176	JOSEPHINE	0	0		
55645	10	03	1990	7	11	1177	KLAUS	0	0		
55690	10	06	1990	10	12	1178	LILI	0	0		
55750	10	09	1990	5	13	1179	MARCO	1	0		
55785	10	16	1990	6	14	1180	NANA	0	0	L	
55825	06	29	1991	7	1	1181	ANA	0	0		
55870	08	16	1991	14	2	1182	BOB	1	2		
55950	09	04	1991	11	3	1183	CLAUDETTE	0	0		
56015	09	07	1991	5	4	1184	DANNY	0	0		
56050	09	08	1991	5	5	1185	ERIKA	0	0		
56085	10	15	1991	3	6	1186	FABIAN	0	0		
56110	10	25	1991	5	7	1187	GRACE	0	0		
56145	10	28	1991	6	8	1188	NOT NAMED	0	0	L	
56185	04	21	1992	4	1	1189	SUBTROP 1	0	0		
56215	08	16	1992	13	2	1190	ANDREW	1	5		
56290	09	17	1992	16	3	1191	BONNIE	0	0		
56380	09	21	1992	9	4	1192	CHARLEY	0	0		
56435	09	22	1992	5	5	1193	DANIELLE	1	0		
56470	09	26	1992	8	6	1194	EARL	0	0		
56520	10	22	1992	9	7	1195	FRANCES	0	0		
56575	06	18	1993	4	1	1196	ARLENE	1	0		
56605	08	04	1993	8	2	1197	BRET	0	0		
56655	08	14	1993	4	3	1198	CINDY	0	0		
56685	08	23	1993	6	4	1199	DENNIS	0	0		
56725	08	22	1993	16	5	1200	EMILY	0	3		
56815	09	07	1993	7	6	1201	FLOYD	0	0		
56860	09	14	1993	8	7	1202	GERT	0	0		
56910	09	18	1993	4	8	1203	HARVEY	0	0		
56940	06	30	1994	8	1	1204	ALBERTO	1	0		
56990	08	14	1994	6	2	1205	BERYL	1	0		
57030	08	16	1994	8	3	1206	CHRIS	0	0		
57080	09	09	1994	3	4	1207	DEBBY	0	0		
57105	09	21	1994	6	5	1208	ERNESTO	0	0		
57145	11	02	1994	7	6	1209	FLORENCE	0	0		
57190	11	08	1994	14	7	1210	GORDON	1	0	L	
57270	06	03	1995	9	1	1211	ALLISON	1	0		
57325	07	05	1995	6	2	1212	BARRY	0	0		
57365	07	12	1995	11	3	1213	CHANTAL	0	0		
57430	07	28	1995	6	4	1214	DEAN	1	0		
57470	07	31	1995	7	5	1215	ERIN	1	2		
57515	08	08	1995	18	6	1216	FELIX	0	0		
57615	08	09	1995	4	7	1217	GABRIELLE	0	0		
57645	08	22	1995	11	8	1218	HUMBERTO	0	0		
57710	08	22	1995	17	9	1219	IRIS	0	0		
57805	08	22	1995	7	10	1220	JERRY	1	0		
57850	08	26	1995	9	11	1221	KAREN	0	0		
57905	08	27	1995	17	12	1222	LUIS	0	0		
58000	09	12	1995	20	13	1223	MARILYN	0	0		
58110	09	26	1995	12	14	1224	NOEL	0	0		
58180	09	27	1995	10	15	1225	OPAL	1	3		
58240	10	04	1995	5	16	1226	PABLO	0	0		
58275	10	07	1995	15	17	1227	ROXANNE	0	0		
58360	10	20	1995	6	18	1228	SEBASTIEN	0	0		
58400	10	27	1995	8	19	1229	TANYA	0	0	L	
58450	06	17	1996	7	1	1230	ARTHUR	1	0		
58495	07	05	1996	13	2	1231	BERTHA	1	2		
58570	07	24	1996	5	3	1232	CESAR	0	0		
58605	08	19	1996	7	4	1233	DOLLY	0	0		
58650	08	19	1996	19	5	1234	EDOUARD	0	0		
58755	08	23	1996	19	6	1235	FRAN	1	3		
58860	08	26	1996	8	7	1236	GUSTAV	0	0		
58910	09	03	1996	14	8	1237	HORTENSE	0	0		
58990	09	24	1996	9	9	1238	ISIDORE	0	0		
59045	10	04	1996	13	10	1239	JOSEPHINE	1	0		
59120	10	11	1996	2	11	1240	KYLE	0	0		
59140	10	14	1996	16	12	1241	LILI	0	0		
59230	11	13	1996	14	13	1242	MARCO	0	0	L	
59310	05	31	1997	3	1	1243	SUBTROP	0	0		
59335	06	30	1997	6	2	1244	ANA	0	0		
59375	07	11	1997	3	3	1245	BILL	0	0		
59400	07	13	1997	4	4	1246	CLAUDETTE	0	0		
59430	07	16	1997	12	5	1247	DANNY	1	1		
59500	09	03	1997	17	6	1248	ERIKA	0	0		
59595	10	04	1997	5	7	1249	FABIAN	0	0		
59630	10	14	1997	4	8	1250	GRACE	0	0	L	
59660	07	27	1998	7	1	1251	ALEX	0	0		
59705	08	19	1998	13	2	1252	BONNIE	1	2		
59780	08	21	1998	4	3	1253	CHARLEY	1	0		
59810	08	24	1998	16	4	1254	DANIELLE	0	0		
59900	08	31	1998	9	5	1255	EARL	1	1		
59955	09	08	1998	6	6	1256	FRANCES	1	0		
59995	09	15	1998	17	7	1257	GEORGES	1	2		
60090	09	17	1998	4	8	1258	HERMINE	1	0		
60120	09	19	1998	9	9	1259	IVAN	0	0		
60175	09	21	1998	14	10	1260	JEANNE	0	0		
60255	09	23	1998	7	11	1261	KARL	0	0		
60300	10	05	1998	6	12	1262	LISA	0	0		
60340	10	22	1998	19	13	1263	MITCH	1	0		
60445	11	24	1998	9	14	1264	NICOLE	0	0	L	
60500	06	11	1999	8	1	1265	ARLENE	0	0		
60550	08	18	1999	8	2	1266	BRET	1	3		
60600	08	19	1999	13	3	1267	CINDY	0	0		
60675	08	24	1999	16	4	1268	DENNIS	1	0		
60765	08	24	1999	5	5	1269	EMILY	0	0		
60800	09	07	1999	13	6	1270	FLOYD	1	2		
60875	09	11	1999	13	7	1271	GERT	0	0		
60950	09	19	1999	4	8	1272	HARVEY	1	0		
60980	10	12	1999	8	9	1273	IRENE	1	1		
61030	10	17	1999	9	10	1274	JOSE	0	0		
61085	10	28	1999	5	11	1275	KATRINA	0	0		
61120	11	13	1999	11	12	1276	LENNY	0	0	L	
61185	08	03	2000	23	1	1277	ALBERTO	0	0		
61310	08	13	2000	3	2	1278	BERYL	0	0		
61335	08	17	2000	3	3	1279	CHRIS	0	0		
61360	08	19	2000	6	4	1280	DEBBY	0	0		
61400	09	01	2000	3	5	1281	ERNESTO	0	0		
61425	09	10	2000	8	6	1282	FLORENCE	0	0		
61475	09	14	2000	8	7	1283	GORDON	1	0		
61525	09	15	2000	11	8	1284	HELENE	1	0		
61590	09	21	2000	14	9	1285	ISAAC	0	0		
61670	09	25	2000	8	10	1286	JOYCE	0	0		
61720	09	28	2000	9	11	1287	KEITH	0	0		
61775	10	04	2000	7	12	1288	LESLIE	0	0		
61820	10	15	2000	6	13	1289	MICHAEL	0	0		
61860	10	19	2000	4	14	1290	NADINE	0	0		
61890	10	25	2000	5	15	1291	SUBTROP	0	0	L	
61925	06	05	2001	15	1	1292	ALLISON	1	0		
62010	08	02	2001	7	2	1293	BARRY	1	0		
62055	08	14	2001	9	3	1294	CHANTAL	0	0		
62110	08	22	2001	8	4	1295	DEAN	0	0		
62160	09	01	2001	17	5	1296	ERIN	0	0		
62255	09	07	2001	13	6	1297	FELIX	0	0		
62330	09	11	2001	11	7	1298	GABRIELLE	1	0		
62395	09	21	2001	7	8	1299	HUMBERTO	0	0		
62440	10	04	2001	6	9	1300	IRIS	0	0		
62480	10	06	2001	3	10	1301	JERRY	0	0		
62505	10	11	2001	5	11	1302	KAREN	0	0		
62540	10	27	2001	5	12	1303	LORENZO	0	0		
62575	10	29	2001	9	13	1304	MICHELLE	0	0		
62630	11	04	2001	3	14	1305	NOEL	0	0		
62655	11	23	2001	12	15	1306	OLGA	0	0	L	
62725	07	14	2002	6	1	1307	ARTHUR	0	0		
62765	08	04	2002	6	2	1308	BERTHA	1	0		
62805	08	05	2002	4	3	1309	CRISTOBAL	0	0		
62835	08	29	2002	7	4	1310	DOLLY	0	0		
62880	09	01	2002	6	5	1311	EDOUARD	1	0		
62920	09	05	2002	7	6	1312	FAY	1	0		
62965	09	08	2002	8	7	1313	GUSTAV	1	0		
63015	09	12	2002	4	8	1314	HANNA	1	0		
63045	09	14	2002	14	9	1315	ISIDORE	1	0		
63125	09	17	2002	3	10	1316	JOSEPHINE	0	0		
63150	09	20	2002	23	11	1317	KYLE	1	0		
63275	09	21	2002	14	12	1318	LILI	1	1	L	
63355	04	18	2003	10	1	1319	ANA	0	0		
63415	06	28	2003	6	2	1320	BILL	1	0		
63455	07	07	2003	11	3	1321	CLAUDETTE	1	1		
63520	07	16	2003	12	4	1322	DANNY	0	0		
63590	08	14	2003	4	5	1323	ERIKA	0	0		
63620	08	27	2003	14	6	1324	FABIAN	0	0		
63700	08	30	2003	4	7	1325	GRACE	1	0		
63730	09	03	2003	6	8	1326	HENRI	0	0		
63770	09	06	2003	15	9	1327	ISABEL	1	2		
63855	09	24	2003	6	10	1328	JUAN	0	0		
63895	09	25	2003	16	11	1329	KATE	0	0		
63985	09	27	2003	11	12	1330	LARRY	0	0		
64050	10	10	2003	5	13	1331	MINDY	0	0		
64085	10	13	2003	20	14	1332	NICHOLAS	0	0		
64195	12	04	2003	6	15	1333	ODETTE	0	0		
64235	12	07	2003	5	16	1334	PETER	0	0	L	
64270	07	31	2004	7	1	1335	ALEX	0	1		
64315	08	03	2004	12	2	1336	BONNIE	1	0		
64385	08	09	2004	7	3	1337	CHARLEY	1	4		
64430	08	13	2004	12	4	1338	DANIELLE	0	0		
64500	08	13	2004	3	5	1339	EARL	0	0		
64525	08	25	2004	17	6	1340	FRANCES	1	2		
64620	08	27	2004	8	7	1341	GASTON	1	1		
64670	08	27	2004	5	8	1342	HERMINE	1	0		
64705	09	02	2004	23	9	1343	IVAN	1	3		
64830	09	13	2004	17	10	1344	JEANNE	1	3		
64925	09	16	2004	13	11	1345	KARL	0	0		
65000	09	19	2004	15	12	1346	LISA	0	0		
65085	10	08	2004	4	13	1347	MATTHEW	1	0		
65115	10	10	2004	2	14	1348	NICOLE	0	0		
65135	11	26	2004	10	15	1349	OTTO	0	0	L	
65195	06	08	2005	7	1	1350	ARLENE	1	0		
65240	06	28	2005	3	2	1351	BRET	0	0		
65265	07	03	2005	9	3	1352	CINDY	1	1		
65320	07	04	2005	15	4	1353	DENNIS	1	3		
65405	07	11	2005	11	5	1354	EMILY	0	0		
65470	07	21	2005	11	6	1355	FRANKLIN	0	0		
65535	07	23	2005	3	7	1356	GERT	0	0		
65560	08	02	2005	13	8	1357	HARVEY	0	0		
65635	08	04	2005	15	9	1358	IRENE	0	0		
65720	08	22	2005	2	10	1359	JOSE	0	0		
65740	08	23	2005	9	11	1360	KATRINA	1	3		
65795	08	28	2005	7	12	1361	LEE	0	0		
65840	09	01	2005	14	13	1362	MARIA	0	0		
65920	09	05	2005	8	14	1363	NATE	0	0		
65970	09	06	2005	18	15	1364	OPHELIA	0	1		
66070	09	17	2005	8	16	1365	PHILIPPE	0	0		
66120	09	18	2005	9	17	1366	RITA	1	3		
66175	10	01	2005	5	18	1367	STAN	0	0		
66210	10	04	2005	2	19	1368	SUBTROP	0	0		
66230	10	05	2005	3	20	1369	TAMMY	1	0		
66255	10	08	2005	4	21	1370	VINCE	0	0		
66285	10	15	2005	12	22	1371	WILMA	1	3		
66355	10	22	2005	3	23	1372	ALPHA	0	0		
66380	10	26	2005	6	24	1373	BETA	0	0		
66420	11	14	2005	9	25	1374	GAMMA	0	0		
66475	11	19	2005	11	26	1375	DELTA	0	0		
66540	11	29	2005	11	27	1376	EPSILON	0	0		
66605	12	30	2005	9	28	1377	ZETA	0	0	L	
66660	06	10	2006	10	1	1378	ALBERTO	1	0		
66720	07	16	2006	4	2	1379	NOT NAMED	0	0		
66750	07	18	2006	5	3	1380	BERYL	1	0		
66785	08	01	2006	6	4	1381	CHRIS	0	0		
66825	08	21	2006	8	5	1382	DEBBY	0	0		
66875	08	24	2006	12	6	1383	ERNESTO	1	0		
66945	09	03	2006	17	7	1384	FLORENCE	0	0		
67040	09	10	2006	15	8	1385	GORDON	0	0		
67125	09	12	2006	16	9	1386	HELENE	0	0		
67215	09	27	2006	7	10	1387	ISAAC	0	0	L	
67260	05	06	2007	9	1	1388	ANDREA	0	0		
67315	05	31	2007	6	2	1389	BARRY	0	0		
67355	07	31	2007	6	3	1390	CHANTAL	0	0		
67395	08	13	2007	11	4	1391	DEAN	0	0		
67460	08	15	2007	5	5	1392	ERIN	0	0		
67495	08	31	2007	7	6	1393	FELIX	0	0		
67540	09	08	2007	4	7	1394	GABRIELLE	1	0		
67570	09	12	2007	3	8	1395	HUMBERTO	1	1		
67595	09	12	2007	7	9	1396	INGRID	0	0		
67640	09	23	2007	2	10	1397	JERRY	0	0		
67660	09	25	2007	5	11	1398	KAREN	0	0		
67695	09	25	2007	4	12	1399	LORENZO	0	0		
67725	09	28	2007	8	13	1400	MELISSA	0	0		
67775	10	24	2007	14	14	1401	NOEL	0	0		
67855	12	10	2007	7	15	1402	OLGA	0	0	L	
67900	05	31	2008	3	1	1403	ARTHUR	0	0		
67925	07	03	2008	19	2	1404	BERTHA	0	0		
68030	07	19	2008	5	3	1405	CRISTOBAL	0	0		
68065	07	20	2008	8	4	1406	DOLLY	1	1		
68115	08	03	2008	4	5	1407	EDOUARD	1	0		
68145	08	15	2008	14	6	1408	FAY	1	0		
68225	08	25	2008	12	7	1409	GUSTAV	1	2		
68295	08	28	2008	12	8	1410	HANNA	1	0		
68365	09	01	2008	15	9	1411	IKE	1	2		
68450	09	02	2008	9	10	1412	JOSEPHINE	0	0		
68505	09	25	2008	6	11	1413	KYLE	0	0		
68545	09	26	2008	9	12	1414	LAURA	0	0		
68600	10	06	2008	2	13	1415	MARCO	0	0		
68620	10	12	2008	4	14	1416	NANA	0	0		
68650	10	13	2008	9	15	1417	OMAR	0	0		
68705	11	05	2008	10	16	1418	PALOMA	0	0	L	
68765	08	10	2009	7	1	1419	ANA	0	0		
68810	08	15	2009	12	2	1420	BILL	0	0		
68880	08	16	2009	2	3	1421	CLAUDETTE	1	0		
68900	08	26	2009	4	4	1422	DANNY	0	0		
68930	09	01	2009	4	5	1423	ERIKA	0	0		
68960	09	07	2009	13	6	1424	FRED	0	0		
69035	09	27	2009	10	7	1425	GRACE	0	0		
69095	10	06	2009	6	8	1426	HENRI	0	0		
69135	11	04	2009	8	9	1427	IDA	0	0	L	
69185	06	24	2010	9	1	1428	ALEX	0	0		
69240	07	22	2010	4	2	1429	BONNIE	1	0		
69270	08	02	2010	7	3	1430	COLIN	0	0		
69315	08	21	2010	14	4	1431	DANIELLE	0	0		
69395	08	24	2010	14	5	1432	EARL	0	0		
69475	08	30	2010	6	6	1433	FIONA	0	0		
69515	09	01	2010	8	7	1434	GASTON	0	0		
69565	09	04	2010	7	8	1435	HERMINE	0	0		
69610	09	08	2010	16	9	1436	IGOR	0	0		
69700	09	12	2010	13	10	1437	JULIA	0	0		
69775	09	13	2010	6	11	1438	KARL	0	0		
69815	09	20	2010	10	12	1439	LISA	0	0		
69875	09	23	2010	4	13	1440	MATTHEW	0	0		
69905	09	28	2010	3	14	1441	NICOLE	0	0		
69930	10	06	2010	12	15	1442	OTTO	0	0		
70000	10	11	2010	5	16	1443	PAULA	0	0		
70035	10	19	2010	8	17	1444	RICHARD	0	0		
70085	10	28	2010	3	18	1445	SHARY	0	0		
70110	10	29	2010	13	19	1446	TOMAS	0	0	L	
